
RangeGenotype
   finish - iteration: 0
     Init: 23.138947ms
     Select: 208.40888ms
     Crossover: 1.676026371s
     Mutate: 12.974238ms
     Fitness: 1.241883ms
     UpdateBestChromosome: 139.69575ms
     Other: 1.667295ms
     Total: 2.063153364s
   best_generation: 624, best fitness score: Some(0), duration: 2.063198549s


const GENES_SIZE: usize = 4100;
const POPULATION_SIZE: usize = 100;
!!! Bordering stack overflow !!!


const GENES_SIZE: usize = 4000;
const POPULATION_SIZE: usize = 100;

   MatrixGenotype::<f32, GENES_SIZE, { POPULATION_SIZE + 1 }> nalgebra
      finish - iteration: 0
        Init: 695.91µs
        Select: 8.690551ms
        Crossover: 34.889828ms
        Mutate: 2.877416ms
        Fitness: 610.161µs
        UpdateBestChromosome: 702.403µs
        Other: 3.183911ms
        Total: 51.65018ms

   MatrixGenotype::<f32, GENES_SIZE, { POPULATION_SIZE + 1 }> plain => nalgebra poses no overhead, even when iterating swap.
    finish - iteration: 0
      Init: 882.161µs
      Select: 9.849975ms
      Crossover: 37.083578ms
      Mutate: 2.926757ms
      Fitness: 665.537µs
      UpdateBestChromosome: 770.802µs
      Other: 3.386176ms
      Total: 55.564986ms

   RangeGenotype
      finish - iteration: 0
        Init: 2.676198ms
        Select: 11.464497ms
        Crossover: 75.495566ms
        Mutate: 4.736304ms
        Fitness: 977.106µs
        UpdateBestChromosome: 6.734772ms
        Other: 911.445µs
        Total: 102.995888ms


